4004
1408
0
0
0
0
0
0
4004
1408
4800
1200
0
0
0
0
4004
1408
4800
1020
281
0
0
0
4004
1408
4800
1020
2c1
0
0
0
4004
1408
4800
2100
0
0
0
0
4004
1408
a00
0
0
0
0
0
4004
1408
802
0
0
0
0
0
4004
1408
0
0
0
0
0
0
4004
1408
0
0
0
0
0
0
4004
1408
802
0
0
0
0
0
4004
1408
802
0
0
0
0
0
4004
1408
820
281
0
0
0
0
4004
1408
820
2c1
4004
1408
0
0
4004
1408
4800
1010
0
0
0
0
4004
1408
110
0
0
0
0
0
4004
1408
8000
0
0
0
0
0
4004
1408
0
0
0
0
0
0
4004
1408
4800
1200
0
0
0
0
4004
1408
4800
1020
281
0
0
0
4004
1408
4800
1020
2c1
0
0
0
4004
1408
4800
2100
0
0
0
0
4004
1408
a00
0
0
0
0
0
4004
1408
802
0
0
0
0
0
4004
1408
0
0
0
0
0
0
4004
1408
802
0
0
0
0
0
4004
1408
802
0
0
0
0
0
4004
1408
0
0
0
0
0
0
4004
1408
820
281
0
0
0
0
4004
1408
820
2c1
0
0
0
0
4004
1408
4800
1010
0
0
0
0
4004
1408
110
0
0
0
0
0
4004
1408
8000
0
0
0
0
0
4004
1408
0
0
0
0
0
0
4004
1408
4800
1200
0
0
0
0
4004
1408
4800
1020
281
0
0
0
4004
1408
4800
1020
2c1
0
0
0
4004
1408
4800
2100
0
0
0
0
4004
1408
a00
0
4004
1408
0
0
4004
1408
802
0
0
0
0
0
4004
1408
802
0
0
0
0
0
4004
1408
0
0
0
0
0
0
4004
1408
0
0
0
0
0
0
4004
1408
802
0
0
0
0
0
4004
1408
820
281
0
0
0
0
4004
1408
820
2c1
0
0
0
0
4004
1408
4800
1010
0
0
0
0
4004
1408
110
0
0
0
0
0
4004
1408
8000
0
0
0
0
0
4004
1408
0
0
0
0
0
0
4004
1408
4800
1200
0
0
0
0
4004
1408
4800
1020
281
0
0
0
4004
1408
4800
1020
2c1
0
0
0
4004
1408
4800
2100
0
0
0
0
4004
1408
a00
0
0
0
0
0
4004
1408
802
0
0
0
0
0
4004
1408
802
0
0
0
0
0
4004
1408
802
0
0
0
0
0
4004
1408
0
0
0
0
0
0
4004
1408
0
0
0
0
0
0
4004
1408
820
281
0
0
0
0
4004
1408
820
2c1
0
0
0
0
4004
1408
4800
1010
0
0
0
0
4004
1408
110
0
4004
1408
0
0
4004
1408
8000
0
0
0
0
0
